   4.3049999999999997        3.0842999999999998        2.7761999999999998        2.8180000000000001     
   3.9520000000000000        2.9272999999999998        2.6642999999999999        2.7088999999999999     
   3.5990000000000002        2.8374999999999999        2.5933000000000002        2.6362999999999999     
   3.2460000000000000        2.7715000000000001        2.5402000000000000        2.5813999999999999     
   2.8929999999999998        2.7200000000000002        2.4986000000000002        2.5381000000000000     
   2.5400000000000000        2.6789999999999998        2.4653999999999998        2.5034000000000001     
   2.1859999999999999        2.6461999999999999        2.4386999999999999        2.4756000000000000     
   1.8330000000000000        2.6200000000000001        2.4174000000000002        2.4533000000000000     
   1.4800000000000000        2.5994000000000002        2.4007000000000001        2.4358000000000000     
   1.1270000000000000        2.5838999999999999        2.3879999999999999        2.4226000000000001     
