SOMNUG   2.7878 1064  0.467967    Negative-biaxial 120.6   177.3     0.00504996488262338     77.98966782516705   2.4532724245766686e-14
RATDAS01 4.3819 1064  0.065517    Positive-biaxial 142.5   29.8      0.533167931611107       4258840.787977502   1.1923320604724541e-14
TAKRIJ   4.4618 1064  0.103344    Positive-biaxial 148.3   336.8     0.0870404456854606      100561.26732519364  1.1520764792026124e-14
FIPWUY   4.1972 1064  0.11763     Negative-biaxial 64.2    13.5      0.158102660487812       364684.62027559284  1.2990517785499037e-14
LASPZN   3.6932 1064  0.116003    Positive-biaxial 19.2    0.0       0.331264475447158       1365090.807139237   1.2252981508343316e-14
FIRZIP   3.3416 1064  0.042418    Positive-biaxial 121.7   108.7     0.420618380016842       1424817.9119128562  1.5602560108363536e-14
PODREH   2.6703 1064  0.281448    Negative-biaxial 120.8   1.9       0.535168645066221       821319.3361796353   2.4250169605162576e-14
RUVBAN   3.2442 1064  0.325373    Negative-biaxial 67.7    354.7     1.00778933099832        3858636.2342182393  2.1695152701982985e-14
OFUWIV   5.0703 1064  0.144573    Positive-biaxial 28.1    202.4     0.819322678932418       9202831.03310398    1.1840139072088347e-14
MUYGOE   3.836  1064  0.092527    Negative-biaxial 147.3   178.2     1.07192911155918        9557142.813725946   1.505911271841676e-14
NELWUY   4.4495 1064  0.038029    Negative-biaxial 107.1   154.1     0.551895772057398       5141876.152465537   1.1315778417728089e-14
AQOROP   2.3644 1064  0.64746     Negative-biaxial 48.6    0.0       10.4892784695390        299397254.94067436  2.5872238452931225e-14
KOMMII   5.1303 1064  0.049593    Positive-biaxial 32.1    225.4     0.0658720187286756      72756.73419139614   1.0850386660465474e-14
MOFTIL   3.2545 1064  0.422805    Negative-biaxial 62.6    358.8     4.88461919184080        68339588.46796273   2.4155809560168726e-14
ECIWAO   2.2834 1064   0.372085   Positive-biaxial 122.2   358.4     81.3277774301986        21097806211.17386   2.5189103057800982e-14
IDOGIR   4.8648 1064  0.085226    Negative-biaxial 121.7   0.0       1.77904609228742        38523081.73111557   1.222088808460462e-14
RUBDOI   3.4187 1064  0.152196    Negative-biaxial 65.2    180.0     2.24513616109381        31932768.88372189   1.7731099241852468e-14
SEYVIC   4.3136 1064  0.145177    Positive-biaxial 23.1    337.4     0.721340163573494       6665889.573489329   1.2831694598644332e-14
ECIHIK   3.8375 1064  0.1442      Positive-biaxial 146.5   180.0     0.196435847846267       473572.9967540358   1.2320881850584996e-14
ODIVON   3.429  1064  0.1454      Negative-biaxial 110.2   201.4     0.591485150888501       1921362.369957999   1.876052864333218e-14
WOVPAB   2.5401 1064  0.116       Negative-biaxial 126.1   210.8     1.01281774564634        5804238.512306491   1.8544855418092625e-14
DOYBEY   3.6675 1064  0.1116      Negative-biaxial 77.2    203.6     0.0563454952131207      24424.065054329494  1.7653186517397996e-14
EWUSIZ   4.5544 1064  0.0916      Positive-biaxial 36.8    180.0     0.170853880235326       398011.90683943126  1.2027265180454905e-14
JUKVEQ02 2.9487 1064  0.0808      Negative-biaxial 101.5   325.9     1.03176560545582        7361166.243894054   1.789444095209949e-14
NIBRUN   3.2788 1064  0.2134      Positive-biaxial 49.6    181.6     0.470651988233877       1431576.7004736683  1.9121237158989687e-14
NIBSAU   3.277  1064  0.2158      Positive-biaxial 49.6    181.6     0.468681066776475       1419611.9471518798  1.9121237158989687e-14
VAHWOS01 3.2556 1064  0.6077      Positive-biaxial 48.1    1.0       1.01342199903582        5282093.943196841   1.7240916262833885e-14
WOVPEF   2.9953 1064  0.0406      Negative-biaxial 90.0    252.9     0.457198637160614       1307100.4664842754  1.7837179842547446e-14
XISBUX   4.9015 1064  0.0729      Negative-biaxial 90.0    28.6      0.368504482549049       1661388.895393957   1.2373296230858025e-14
HONCOF   3.5635 1064  0.1477      Positive-biaxial 32.2    43.7      0.300500064396891       640211.691208663    1.6246570943254167e-14
DIFKOS   5.1694 1064  0.0244      Positive-biaxial 25.7    229.0     0.0738383554520914      78935.05085632115   1.2221935536467518e-14
FEHJIN   3.5443 1064  0.2034      Positive-biaxial 155.1   155.0     0.116980298685154       129784.80767466691  1.4112914657566451e-14
VEKNEH   3.7591 1064  0.0924      Positive-biaxial 143.2   43.1      0.0229252412716575      4963.563293078666   1.4552008549827844e-14
IVAZUA01 3.0381 1064  0.2284      Negative-biaxial 64.6    166.7     0.547233428569390       1383284.9801727047  2.0538477750903162e-14
FIQGEU   3.0333 1064  0.3203      Negative-biaxial 59.5    179.3     7.48377174276831        155870822.09237164  2.6720618787597404e-14
NUYWUA   3.2267 1064  0.1666      Positive-biaxial 28.6    163.6     0.0758356313468483      42214.85486912739   1.740454973363016e-14
OXUNUR   2.6149 1064  0.3116      Negative-biaxial 111.8   17.3      0.173866155968755       123917.1051798124   2.170873643557022e-14

